Regularization & Margin Ablation Results:
      C  epsilon  Train RMSE  Test RMSE  Train R²  Test R²  Train Time (s)
0   0.1     0.05     0.55264    0.46846  -0.63479 -0.17646      4414.14342
1   0.1     0.10     0.34803    0.33516   0.35167  0.39779      4019.99559
2   0.1     0.20     0.31588    0.31393   0.46590  0.47168      5411.14986
3   1.0     0.05     0.55530    0.46986  -0.65052 -0.18351      7446.28465
4   1.0     0.10     0.33899    0.32725   0.38491  0.42587      7452.67738
5   1.0     0.20     0.31617    0.31376   0.46493  0.47225      7407.92310
6  10.0     0.05     0.60115    0.47582  -0.93434 -0.21372      7953.47868
7  10.0     0.10     0.48725    0.40361  -0.27078  0.12669      7817.01253
8  10.0     0.20     0.35381    0.33160   0.32995  0.41051      7576.02299