Regularization & Margin Ablation Results:
      C  epsilon  Train RMSE  Test RMSE  Train R²  Test R²  Train Time (s)
0   0.1     0.05     0.56707    0.56339   0.33328  0.34155      3326.20724
1   0.1     0.10     0.55084    0.54561   0.37089  0.38244      3414.98396
2   0.1     0.20     0.53793    0.53325   0.40005  0.41012      3732.92854
3   1.0     0.05     0.56900    0.56614   0.32873  0.33510     10962.30381
4   1.0     0.10     0.55124    0.54547   0.36999  0.38278     10622.38861
5   1.0     0.20     0.53785    0.53315   0.40022  0.41033     10696.86813
6  10.0     0.05     0.68748    0.70145   0.02010 -0.02071     10855.54177
7  10.0     0.10     0.62385    0.62792   0.19309  0.18208     10851.77690
8  10.0     0.20     0.55014    0.54260   0.37250  0.38925     10836.31181
