D2 [3697855 rows x 37 columns]>

Regularization & Margin Ablation Results:
   C  epsilon  Train RMSE  Test RMSE  Train R²  Test R²  Train Time (s)
 0.1     0.01     0.60639    0.60758   0.23761  0.23421      2699.31555
 0.1     0.05     0.56707    0.56339   0.33328  0.34155      2766.25157
 0.1     0.10     0.55084    0.54561   0.37089  0.38244      2646.45436
 0.1     0.20     0.53793    0.53325   0.40005  0.41012      2783.09954
 0.1     0.30     0.53215    0.52973   0.41288  0.41788      2916.47591
 0.1     0.40     0.53240    0.53150   0.41232  0.41397      3599.14614
 0.1     0.50     0.53554    0.53512   0.40537  0.40596      5299.91784
 1.0     0.01     0.60116    0.60234   0.25072  0.24735      8415.19651
 1.0     0.05     0.56900    0.56614   0.32873  0.33510      8319.74962
 1.0     0.10     0.55124    0.54547   0.36999  0.38278      8261.84638
 1.0     0.20     0.53785    0.53315   0.40022  0.41033      8072.01327
 1.0     0.30     0.53211    0.52947   0.41295  0.41845      8047.24110
 1.0     0.40     0.53220    0.53144   0.41275  0.41412      8021.14820
 1.0     0.50     0.53587    0.53556   0.40464  0.40499      8010.40522
 3.0     0.01     0.64151    0.63642   0.14675  0.15978      8495.95267
 3.0     0.05     0.60020    0.59870   0.25312  0.25641      8371.98701
 3.0     0.10     0.56002    0.55371   0.34976  0.36398      8311.14092
 3.0     0.20     0.53781    0.53314   0.40032  0.41035      8188.62136
 3.0     0.30     0.53345    0.52973   0.41000  0.41787      7964.37977
 3.0     0.40     0.53384    0.53188   0.40913  0.41315      7995.42510
 3.0     0.50     0.53711    0.53588   0.40188  0.40428      7907.39351
 5.0     0.01     0.66471    0.67036   0.08394  0.06777      8427.46019
 5.0     0.05     0.65485    0.64526   0.11091  0.13626      8414.84656
 5.0     0.10     0.57664    0.57415   0.31060  0.31616      8180.79955
 5.0     0.20     0.53955    0.53404   0.39642  0.40836      8171.83346
 5.0     0.30     0.53382    0.52974   0.40917  0.41786      8093.88722
 5.0     0.40     0.53467    0.53169   0.40729  0.41356      8002.75874
 5.0     0.50     0.53753    0.53580   0.40093  0.40447      8012.87314
   7     0.01     0.71191    0.72377  -0.05080 -0.08670      9630.23494
   7     0.05     0.67594    0.68077   0.05272  0.03860      8435.19265
   7     0.10     0.58522    0.58276   0.28994  0.29549      8745.79034
   7     0.20     0.54221    0.53580   0.39046  0.40446      8058.21203
   7     0.30     0.53556    0.53065   0.40531  0.41584      7963.92460
   7     0.40     0.53546    0.53208   0.40555  0.41270      7893.72935
   7     0.50     0.53767    0.53570   0.40063  0.40469      7888.54396
   9     0.01     0.75308    0.76171  -0.17584 -0.20361     10644.59796
   9     0.05     0.67423    0.68440   0.05749  0.02831     10812.72998
   9     0.10     0.60949    0.61222   0.22981  0.22245     11260.13034
   9     0.20     0.54775    0.54044   0.37795  0.39410     10982.53643
   9     0.30     0.53706    0.53135   0.40199  0.41432     10880.93582
   9     0.40     0.53672    0.53243   0.40274  0.41192     10469.32989
   9     0.50     0.53776    0.53558   0.40043  0.40494     10475.02561
  10     0.01     0.72514    0.74310  -0.09021 -0.14552     10470.35477
  10     0.05     0.68748    0.70145   0.02010 -0.02071     10487.67821
  10     0.10     0.62385    0.62792   0.19309  0.18208     10491.74331
  10     0.20     0.55014    0.54260   0.37250  0.38925     10495.82318
  10     0.30     0.53770    0.53189   0.40055  0.41312     10446.87416
  10     0.40     0.53722    0.53272   0.40164  0.41129     10548.28932
  10     0.50     0.53828    0.53588   0.39927  0.40429     10585.07067

