
D1 [3433455 rows x 37 columns]>

Regularization & Margin Ablation Results:
  C  epsilon  Train RMSE  Test RMSE  Train R²  Test R²  Train Time (s)
0.1     0.01     0.64671    0.53390  -1.23868 -0.52813      3608.34642
0.1     0.05     0.55264    0.46846  -0.63479 -0.17646      4122.02036
0.1     0.10     0.34803    0.33516   0.35167  0.39779      3949.59287
0.1     0.20     0.31588    0.31393   0.46590  0.47168      5436.32656
0.1     0.30     0.31637    0.31559   0.46424  0.46607      6612.96625
0.1     0.40     0.32274    0.32239   0.44246  0.44280      7162.94857
0.1     0.50     0.33117    0.33088   0.41294  0.41307      7192.00143
1.0     0.01     0.65373    0.53711  -1.28755 -0.54659      7430.71168
1.0     0.05     0.55530    0.46986  -0.65052 -0.18351      7422.07855
1.0     0.10     0.33899    0.32725   0.38491  0.42587      7358.70109
1.0     0.20     0.31617    0.31376   0.46493  0.47225      7264.95508
1.0     0.30     0.31641    0.31556   0.46410  0.46618      7238.68382
1.0     0.40     0.32274    0.32209   0.44245  0.44384      7162.00103
1.0     0.50     0.33117    0.33074   0.41293  0.41357      7155.61582
3.0     0.01     0.63583    0.48870  -1.16402 -0.28035      7554.56345
3.0     0.05     0.54834    0.43768  -0.60941 -0.02695      7547.63501
3.0     0.10     0.37600    0.34906   0.24327  0.34681      7383.13901
3.0     0.20     0.31876    0.31418   0.45614  0.47083      7286.70431
3.0     0.30     0.31801    0.31544   0.45868  0.46656      7256.56303
3.0     0.40     0.32473    0.32275   0.43555  0.44158      7186.88108
3.0     0.50     0.33183    0.33117   0.41059  0.41204      7175.04678
5.0     0.01     0.72204    0.56543  -1.79062 -0.71393      7653.27455
5.0     0.05     0.59064    0.58664  -0.86731 -0.84497      7630.51752
5.0     0.10     0.43050    0.37755   0.00796  0.23582      7468.54720
5.0     0.20     0.32104    0.31534   0.44830  0.46692      7342.05914
5.0     0.30     0.31965    0.31604   0.45308  0.46455      7269.48828
5.0     0.40     0.32521    0.32248   0.43388  0.44251      7196.73041
5.0     0.50     0.33256    0.33126   0.40800  0.41173      7190.70481
  7     0.01     0.70899    0.51434  -1.69066 -0.41821      8964.66871
  7     0.05     0.62387    0.49309  -1.08334 -0.30343      7857.69370
  7     0.10     0.47428    0.38685  -0.20405  0.19772      7646.96751
  7     0.20     0.33000    0.31938   0.41708  0.45315      7452.74740
  7     0.30     0.32380    0.31764   0.43878  0.45910      7348.09182
  7     0.40     0.32704    0.32420   0.42749  0.43654      7343.88533
  7     0.50     0.33523    0.33262   0.39847  0.40688      7279.86557
  9     0.01     0.73212    0.54459  -1.86905 -0.58991      9772.80098
  9     0.05     0.67225    0.52134  -1.41896 -0.45707      9509.99963
  9     0.10     0.45743    0.38947  -0.12000  0.18683      9441.26336
  9     0.20     0.34367    0.32631   0.36782  0.42917      9411.69003
  9     0.30     0.32867    0.32070   0.42179  0.44864      9424.96770
  9     0.40     0.32869    0.32552   0.42170  0.43192      9422.61041
  9     0.50     0.33656    0.33349   0.39369  0.40377      9426.76076
  10     0.01     0.75087    0.58212  -2.01791 -0.81660      9489.33575
  10     0.05     0.60115    0.47582  -0.93434 -0.21372      9490.84252
  10     0.10     0.48725    0.40361  -0.27078  0.12669      9504.08239
  10     0.20     0.35381    0.33160   0.32995  0.41051      9450.95499
  10     0.30     0.33178    0.32333   0.41080  0.43957      9412.00333
  10     0.40     0.32995    0.32712   0.41725  0.42635      9401.60567
  10     0.50     0.33703    0.33378   0.39199  0.40274      9405.89232
